Run,conc,density
1,0.04882812,0.017
1,0.04882812,0.018
1,0.1953125,0.121
1,0.1953125,0.124
1,0.390625,0.206
1,0.390625,0.215
1,0.78125,0.377
1,0.78125,0.374
1,1.5625,0.614
1,1.5625,0.609
1,3.125,1.019
1,3.125,1.001
1,6.25,1.334
1,6.25,1.364
1,12.5,1.73
1,12.5,1.71
2,0.04882812,0.045
2,0.04882812,0.05
2,0.1953125,0.137
2,0.1953125,0.123
2,0.390625,0.225
2,0.390625,0.207
2,0.78125,0.401
2,0.78125,0.383
2,1.5625,0.672
2,1.5625,0.681
2,3.125,1.116
2,3.125,1.078
2,6.25,1.554
2,6.25,1.526
2,12.5,1.932
2,12.5,1.914
3,0.04882812,0.07
3,0.04882812,0.068
3,0.1953125,0.173
3,0.1953125,0.165
3,0.390625,0.277
3,0.390625,0.248
3,0.78125,0.434
3,0.78125,0.426
3,1.5625,0.703
3,1.5625,0.689
3,3.125,1.067
3,3.125,1.077
3,6.25,1.629
3,6.25,1.479
3,12.5,2.003
3,12.5,1.884
4,0.04882812,0.011
4,0.04882812,0.016
4,0.1953125,0.118
4,0.1953125,0.108
4,0.390625,0.2
4,0.390625,0.206
4,0.78125,0.364
4,0.78125,0.36
4,1.5625,0.62
4,1.5625,0.64
4,3.125,0.979
4,3.125,0.973
4,6.25,1.424
4,6.25,1.399
4,12.5,1.74
4,12.5,1.732
5,0.04882812,0.035
5,0.04882812,0.035
5,0.1953125,0.132
5,0.1953125,0.135
5,0.390625,0.224
5,0.390625,0.22
5,0.78125,0.385
5,0.78125,0.39
5,1.5625,0.658
5,1.5625,0.647
5,3.125,1.06
5,3.125,1.031
5,6.25,1.425
5,6.25,1.409
5,12.5,1.75
5,12.5,1.738
6,0.04882812,0.086
6,0.04882812,0.103
6,0.1953125,0.191
6,0.1953125,0.189
6,0.390625,0.272
6,0.390625,0.277
6,0.78125,0.44
6,0.78125,0.426
6,1.5625,0.686
6,1.5625,0.676
6,3.125,1.062
6,3.125,1.072
6,6.25,1.424
6,6.25,1.459
6,12.5,1.768
6,12.5,1.806
7,0.04882812,0.094
7,0.04882812,0.092
7,0.1953125,0.182
7,0.1953125,0.182
7,0.390625,0.282
7,0.390625,0.273
7,0.78125,0.444
7,0.78125,0.439
7,1.5625,0.686
7,1.5625,0.668
7,3.125,1.052
7,3.125,1.035
7,6.25,1.409
7,6.25,1.392
7,12.5,1.759
7,12.5,1.739
8,0.04882812,0.054
8,0.04882812,0.054
8,0.1953125,0.152
8,0.1953125,0.148
8,0.390625,0.226
8,0.390625,0.222
8,0.78125,0.392
8,0.78125,0.383
8,1.5625,0.658
8,1.5625,0.644
8,3.125,1.043
8,3.125,1.002
8,6.25,1.466
8,6.25,1.381
8,12.5,1.743
8,12.5,1.724
9,0.04882812,0.032
9,0.04882812,0.043
9,0.1953125,0.142
9,0.1953125,0.155
9,0.390625,0.239
9,0.390625,0.242
9,0.78125,0.42
9,0.78125,0.395
9,1.5625,0.624
9,1.5625,0.705
9,3.125,1.046
9,3.125,1.026
9,6.25,1.398
9,6.25,1.405
9,12.5,1.693
9,12.5,1.729
10,0.04882812,0.052
10,0.04882812,0.094
10,0.1953125,0.164
10,0.1953125,0.166
10,0.390625,0.259
10,0.390625,0.256
10,0.78125,0.439
10,0.78125,0.439
10,1.5625,0.69
10,1.5625,0.701
10,3.125,1.042
10,3.125,1.075
10,6.25,1.34
10,6.25,1.406
10,12.5,1.699
10,12.5,1.708
11,0.04882812,0.047
11,0.04882812,0.057
11,0.1953125,0.159
11,0.1953125,0.155
11,0.390625,0.246
11,0.390625,0.252
11,0.78125,0.427
11,0.78125,0.411
11,1.5625,0.704
11,1.5625,0.684
11,3.125,0.994
11,3.125,0.98
11,6.25,1.421
11,6.25,1.385
11,12.5,1.715
11,12.5,1.721
